0.0493038 5.05621e-05
10.8132
5.88882
5.42444
4.33007
2.33569
1.16131
1.18693
1
1
1
1
1
1
1.31373
1
1.67248
1.43686
1.04124
1
1
1
1
1.00314
1.50752
1.0019
1.01627
1.74065
1.94503
1.73941
1.30379
1.50817
1.00255
2.28693
2.00131
2.16569
2.29007
1.97444
2.65882
2.3432
1.94758
1.55196
1.08634
1
1
1
1
1
1
1
1
1
1.28987
1.38549
1.67111
2.09673
2.53235
2.39797
2.83359
2.99922
2.68484
3.04046
2.95608
3.0117
3.47732
1.64294
1.88856
1.27418
1.3298
1.76542
1.49105
1.80667
2.27229
1.77791
2.02353
2.44915
1
1.00039
1.28601
1.27163
1.77725
2.28288
2.5585
1
1
1.13536
1.45098
1.9266
2.32222
1
1.13346
1.18908
1.06471
1.01033
1.02595
1.12157
1
1
1
1
1
1
1.17908
1.01346
1.06784
1.49222
1.5066
2.01098
1.61536
1.17974
1.38412
1.8485
1.75288
1.76725
1.30163
1
1
1
1
1
1
1
1
1
1
1.5498
1.71418
1.76856
3.46294
3.54732
3.1617
2.76608
2.63046
2.31484
1.87922
1.89359
1.53797
2.56235
2.09673
1.81111
1.63549
1.27987
1
1
1
1
1
1
1
1
1
1
1
1
1
1
1
1
1
1.08869
2.25307
2.08745
1.73183
1.52621
1.02059
1.03497
1.52935
1.21373
1
1
1
1
1
1
1.46562
1.97124
2.40686
1.72248
1.9281
2.36373
2.71935
2.99497
2.20059
2.62621
2.46183
1
1.13307
1.51869
1.65431
1.74993
1.99556
2.32118
2.3768
2.32242
1
1
1
1
1.77948
6.19386
7.47824
