0.0531088 5.20521e-05
1
1.48052
1
1.59948
1.29896
2.71844
2.93792
2.4574
2.34687
3.35635
2.98583
2.53531
2.09479
1.94427
3.28375
2.95323
2.73271
2.54219
2.17167
1.91115
1.87062
1.9901
2.02958
2.28906
1.91854
1.43802
1
1
1
1
1
1
1
1.12615
1
1
1
1
1.00875
1
1
1
1.19083
1.04135
1
1.0424
1.49292
1.89344
1.78396
2.00448
2.345
2.67552
2.63604
2.93656
3.00708
2.8576
3.11812
3.18865
3.37917
1.65969
2.11021
2.55073
2.14125
2.33177
1.91229
2.40281
1.54333
1.35385
1.46438
1.4249
1.53542
1.94594
1.57646
2.01698
2.4275
2.68802
1.97854
2.01906
2.19958
2.3501
1.75063
2.20115
1.11167
1.34219
1.41271
1.07323
1.59375
1.67427
1.66479
2.11531
1.33583
1.70635
1.40688
1.6974
1.10792
1.58844
1
1
1
1
1.13896
1.09844
1
1
1
1.29635
1.25583
1.40531
1.48479
1.40427
1.44375
1
1.30271
1
1
1
1
1
1
1
1
1
1
1.45698
2.12646
2.54594
2.28542
2.9149
3.17437
4.85385
5.30333
5.34281
5.08229
5.01177
4.93125
4.67073
4.34021
4.18969
4.15917
3.89865
3.67812
3.3076
3.86708
3.52656
3.08604
2.56552
3.045
2.93448
2.53396
2.04344
2.23292
1.9324
1.71187
2.38135
2.24083
1.75031
1.71979
1.34927
1.38875
1.38823
1.53771
1.08719
1
1
1
1
1
1
1
1
1
1
1.09854
1.50906
1.68958
1.1301
1.61063
1.84115
2.21167
2.39219
2.87271
3.10323
3.62375
3.09427
2.90479
2.94531
3.31583
2.49635
2.90688
2.6774
2.37792
2.82844
2.63896
1
1
1
3.31896
2.87844
2.76792
3.2174
